
1. KL             101.684586,3.134730 
2. Selangor       101.469502,3.002118
3. Negeri 9       102.038402,2.689074
4. Melaka         102.285162,2.261139
5. Johor          103.329078,2.173619 
6. Perak          101.075623, 4.476668
7. Kedah          100.562769, 6.034881
8. Perlis         100.257043, 6.489652
9. Kelantan       102.204205, 6.097009
10.Terengganu     103.027650, 5.265902
11.Pahang         102.377063, 3.952406
12 Sabah          116.155898,5.325183 
13 Sarawak        111.821519,2.275926
14. pulau pinang  100.262059, 5.384068 